701
120
471
12
72
635
606
886
269
266
369
821
450
198
110
642
253
210
652
399
219
766
53
280
466
762
85
821
409
852
165
462
325
988
474
397
623
80
636
244
698
5
65
501
555
528
143
161
738
148
912
310
914
965
590
381
80
27
554
489
880
71
951
205
60
777
954
35
857
590
280
908
948
697
409
503
225
904
16
964
52
928
274
967
246
216
348
326
243
254
815
475
326
118
680
386
895
635
773
104
225
53
12
525
751
773
381
976
30
397
292
82
326
918
401
572
134
749
898
730
356
65
205
682
183
886
420
78
873
193
534
450
247
547
976
350
672
357
678
702
754
971
137
432
241
538
4
376
640
254
458
996
319
663
30
854
901
450
932
774
643
467
225
242
366
553
592
390
910
623
445
16
594
582
449
835
472
805
563
112
60
21
460
731
685
490
586
938
292
870
713
288
689
290
530
55
843
475
446
105
98
243
473
44
825
922
231
297
80
147
762
492
168
222
223
205
65
161
144
357
32
209
645
73
851
528
129
46
355
927
503
453
170
976
849
347
899
80
996
331
227
758
823
748
333
398
305
398
560
801
107
944
10
105
17
213
633
498
259
340
777
762
793
947
739
994
646
990
74
643
321
654
401
144
754
86
542
59
836
454
861
944
398
223
401
768
437
386
266
48
726
44
811
519
343
902
865
990
892
291
633
213
945
386
709
699
473
603
111
309
58
324
605
808
547
6
576
336
392
843
385
118
887
196
989
230
98
854
220
342
146
205
907
443
592
968
495
417
571
958
726
629
282
684
790
829
690
366
518
435
209
903
905
448
451
247
679
901
101
251
243
599
809
502
395
401
470
242
170
41
200
248
23
482
932
813
663
975
179
181
410
741
436
315
189
887
562
220
140
16
824
383
967
633
237
714
386
707
956
556
749
156
804
124
990
737
289
6
64
468
187
474
561
976
141
751
215
56
323
356
424
147
91
391
780
329
458
518
36
414
74
137
923
231
613
913
320
902
919
384
723
459
210
284
787
351
387
2
759
711
358
183
210
450
927
343
131
385
861
167
799
288
657
74
519
270
988
191
173
259
575
896
70
785
532
857
488
920
212
248
983
570
431
193
372
358
536
855
743
750
375
895
38
32
969
909
654
309
100
827
921
27
75
991
812
960
201
652
880
413
900
215
335
684
408
60
394
297
915
490
47
290
385
85
674
706
346
329
16
446
508
289
473
936
280
637
896
833
289
776
598
542
343
934
578
751
346
972
400
261
462
447
904
847
884
578
906
230
259
274
28
768
563
501
704
195
490
600
29
132
728
627
26
71
913
604
174
259
576
575
873
39
22
129
238
259
707
144
841
967
418
870
87
981
723
791
177
566
743
558
698
471
537
724
894
451
328
68
62
904
643
287
295
18
416
534
629
476
678
470
795
449
340
234
430
416
25
959
982
120
517
680
591
407
756
485
210
84
905
272
340
549
912
636
919
680
522
548
508
200
18
655
1
711
889
432
479
266
743
461
386
601
2021
12249
12498
7372
18379
12539
3652
10621
16365
5705
3177
15108
1684
9563
14542
14994
1588
1185
900
9790
8570
7080
512
12668
3791
14522
6885
11458
12499
4510
16
10872
16760
12515
14597
15139
5054
18249
2112
17771
306
5290
9231
1990
11205
3774
16985
12793
1311
14237
2583
9881
1317
3095
18901
5108
17618
2138
16567
6469
6648
12935
13693
3408
1802
8290
14899
3208
2892
17012
980
3198
18654
10211
1541
9859
10337
14878
2652
11648
9115
1587
17881
10432
1035
16782
11892
15005
15272
4811
17826
1921
14099
11519
5329
15901
16162
16581
19110
19054
13593
16442
18604
12247
6653
145
2106
13343
15023
1110
4991
4138
2697
19225
10922
84
12359
19167
15089
7632
330
12915
9553
14429
787
11234
6683
16949
7815
5793
12355
565999
76425
117055
162322
2117
406996
5385257
150484287
53507025
168365689
146790100
24441258
1277595
138226244
163835346
27186732
76273678
101494579
133139476
110881999
47547573
82093445
176888064
22696234
40763640
41106022
132901624
25641974
155918501
26910119
136725025
121512999
131400949
148333325
187902298
105015987
65543472
157663004
108016627
119050497
178545045
54806727
143491755
179822641
45549324
107327102
59525725
174339354
8821681
45181553
137737705
108885606
127274999
167142121
131581840
20554991
8248143
116999816
98713317
164166645
196426288
35438342
85679644
180343589
36288020
126098294
85359576
101831492
136277651
193376203
73398341
114822696
100699283
16890096
147161689
198764959
176733550
6687414
25620665
38071583
51868968
163358370
146957189
31660319
130500491
131055382
104731662
138748635
100571550
3444979
155431632
96997838
91399674
93627628
77341427
127687694
72242275
162701004
82035538
8519926
8593559
155433879
123342622
109292842
24840327
123020664
108057801
1573878
129708078
133678466
39645461
34093398
149553188
39119003
65753717
80053680
22690737
170485379
71318667
123262287
173930359
79266651
20260126
65330033
25410631
97601553
45534079
97652906
112818909
127569617
158689184
121412469
135519848
134548159
83221663
160360175
57568823
43795817
161934053
187276901
177474283
54095867
21370300
179543824
145731222
139640369
59597504
168421959
110125749
183432523
144200598
136572460
115215526
164460724
54418845
140626157
114578630
99952924
38279064
79913891
80038893
49484600
53842712
68075093
184032759
137064376
28435268
41601582
180860193
42885674
81394836
10850828
149497893
102765136
190394652
95229115
42405505
102508508
116167426
5047606
138457383
60368024
194136418
53672909
24828749
48555263
46815419
191923731
1024539
85094483
124353974
133579784
134579083
178196687
1654877
171128195
167777415
82606498
12729777
148637608
178008524
94124613
12004788
127506417
49406101
54915793
0592352